   0.0000000e+00   1.4612970e-01
   1.0000000e-01   1.0722308e+00
   2.0000000e-01  -6.6063268e-01
   3.0000000e-01  -6.2839624e-01
   4.0000000e-01   7.8755556e-01
   5.0000000e-01   5.4369578e-02
   6.0000000e-01  -9.3611520e-01
   7.0000000e-01   5.6186491e-01
   8.0000000e-01   5.9613082e-01
   9.0000000e-01  -8.3250333e-01
   1.0000000e+00   1.9156974e-02
   1.1000000e+00   8.1608231e-01
   1.2000000e+00  -4.6720372e-01
   1.3000000e+00  -6.4639192e-01
   1.4000000e+00   1.0559907e+00
   1.5000000e+00   1.6053550e-01
   1.6000000e+00  -7.6674695e-01
   1.7000000e+00   4.9185753e-01
   1.8000000e+00   5.3333276e-01
   1.9000000e+00  -8.7882659e-01
   2.0000000e+00   1.8588402e-02
   2.1000000e+00   9.2936858e-01
   2.2000000e+00  -5.0806908e-01
   2.3000000e+00  -5.6440732e-01
   2.4000000e+00   8.6766855e-01
   2.5000000e+00   1.3688289e-01
   2.6000000e+00  -8.8716781e-01
   2.7000000e+00   6.7014323e-01
   2.8000000e+00   6.1798253e-01
   2.9000000e+00  -9.3600094e-01
   3.0000000e+00  -2.9088259e-01
   3.1000000e+00   7.9201560e-01
   3.2000000e+00  -6.4045557e-01
   3.3000000e+00  -5.3086445e-01
   3.4000000e+00   7.9334381e-01
   3.5000000e+00   2.9031429e-02
   3.6000000e+00  -9.9256120e-01
   3.7000000e+00   6.9718642e-01
   3.8000000e+00   5.2599752e-01
   3.9000000e+00  -1.0241541e+00
   4.0000000e+00  -4.3986267e-02
   4.1000000e+00   8.8934043e-01
   4.2000000e+00  -7.0346529e-01
   4.3000000e+00  -6.0210779e-01
   4.4000000e+00   9.3390368e-01
   4.5000000e+00  -4.9672460e-02
   4.6000000e+00  -9.4936806e-01
   4.7000000e+00   6.6808579e-01
   4.8000000e+00   6.2377480e-01
   4.9000000e+00  -9.8197027e-01
   5.0000000e+00  -5.6078047e-03
