   0.0000000e+00   8.5116244e-02
   1.1111111e-01   7.1754904e-01
   2.2222222e-01  -1.0075168e+00
   3.3333333e-01   4.7112311e-01
   4.4444444e-01   5.3142822e-01
   5.5555556e-01  -1.0614250e+00
   6.6666667e-01   8.3993545e-01
   7.7777778e-01   1.0258777e-01
   8.8888889e-01  -6.4986908e-01
   1.0000000e+00   8.7976996e-01
   1.1111111e+00  -2.7717147e-01
   1.2222222e+00  -6.3549771e-01
   1.3333333e+00   9.0793021e-01
   1.4444444e+00  -7.5938990e-01
   1.5555556e+00  -2.3351499e-01
   1.6666667e+00   8.7094510e-01
   1.7777778e+00  -8.6583718e-01
   1.8888889e+00   2.4302426e-01
   2.0000000e+00   4.8936993e-01
   2.1111111e+00  -9.1713064e-01
   2.2222222e+00   6.8991171e-01
   2.3333333e+00   2.2896641e-01
   2.4444444e+00  -1.0198117e+00
   2.5555556e+00   8.8721615e-01
   2.6666667e+00  -2.9525446e-01
   2.7777778e+00  -5.7838540e-01
   2.8888889e+00   1.0540821e+00
   3.0000000e+00  -6.5434850e-01
   3.1111111e+00  -4.0455348e-01
   3.2222222e+00   1.1645322e+00
   3.3333333e+00  -8.7149453e-01
   3.4444444e+00   3.9479688e-02
   3.5555556e+00   6.6135203e-01
   3.6666667e+00  -9.3083835e-01
   3.7777778e+00   3.4802701e-01
   3.8888889e+00   3.2790682e-01
   4.0000000e+00  -9.7344462e-01
   4.1111111e+00   8.6474870e-01
   4.2222222e+00  -2.2463568e-02
   4.3333333e+00  -7.4680919e-01
   4.4444444e+00   9.2889279e-01
   4.5555556e+00  -4.5090178e-01
   4.6666667e+00  -4.9232276e-01
   4.7777778e+00   9.7016425e-01
   4.8888889e+00  -8.1891691e-01
   5.0000000e+00  -2.6674183e-02
